i,A_i,conservation,-,A,C,D,E,F,G,H,I,K,L,M,N,P,Q,R,S,T,V,W,Y
1099,E,0.890,0.895,0.000,0.000,0.000,0.105,0.000,0.000,0.000,0.000,0.000,0.000,0.000,0.000,0.000,0.000,0.000,0.000,0.000,0.000,0.000,0.000
1100,V,0.622,0.642,0.002,0.000,0.000,0.203,0.000,0.000,0.000,0.048,0.012,0.000,0.001,0.001,0.000,0.007,0.004,0.002,0.026,0.053,0.000,0.000
1101,Q,0.412,0.365,0.019,0.000,0.035,0.031,0.001,0.007,0.001,0.000,0.087,0.000,0.000,0.099,0.000,0.269,0.055,0.003,0.027,0.000,0.000,0.001
1102,T,0.338,0.188,0.006,0.000,0.014,0.005,0.000,0.007,0.113,0.002,0.259,0.001,0.000,0.060,0.000,0.015,0.038,0.098,0.186,0.000,0.000,0.008
1103,G,0.790,0.141,0.005,0.000,0.017,0.002,0.000,0.817,0.000,0.000,0.001,0.000,0.000,0.006,0.000,0.000,0.000,0.012,0.000,0.000,0.000,0.000
1104,G,0.331,0.051,0.268,0.001,0.018,0.125,0.000,0.292,0.000,0.003,0.041,0.002,0.008,0.025,0.013,0.080,0.020,0.032,0.013,0.009,0.000,0.000
1105,F,0.583,0.047,0.000,0.000,0.000,0.000,0.295,0.000,0.000,0.037,0.000,0.508,0.098,0.000,0.000,0.000,0.000,0.000,0.000,0.003,0.000,0.013
1106,S,0.503,0.044,0.030,0.001,0.000,0.000,0.491,0.002,0.000,0.000,0.000,0.000,0.000,0.005,0.000,0.000,0.000,0.139,0.027,0.001,0.067,0.194
1107,K,0.528,0.036,0.006,0.000,0.344,0.010,0.000,0.021,0.001,0.000,0.312,0.000,0.000,0.257,0.000,0.008,0.002,0.003,0.001,0.000,0.000,0.000
1108,E,0.414,0.036,0.155,0.000,0.009,0.249,0.000,0.001,0.000,0.014,0.001,0.042,0.037,0.019,0.000,0.384,0.007,0.014,0.004,0.030,0.000,0.000
1109,S,0.539,0.036,0.000,0.000,0.000,0.005,0.001,0.000,0.000,0.000,0.013,0.007,0.032,0.131,0.000,0.071,0.002,0.122,0.579,0.002,0.000,0.000
1110,I,0.494,0.036,0.004,0.000,0.000,0.000,0.000,0.001,0.002,0.493,0.012,0.169,0.002,0.006,0.113,0.002,0.036,0.000,0.000,0.125,0.000,0.000
1111,L,0.283,0.035,0.007,0.011,0.001,0.020,0.049,0.000,0.009,0.032,0.039,0.172,0.050,0.022,0.000,0.027,0.010,0.031,0.010,0.084,0.016,0.377
1112,P,0.393,0.035,0.056,0.000,0.009,0.000,0.000,0.063,0.001,0.001,0.240,0.000,0.000,0.017,0.316,0.007,0.046,0.197,0.008,0.004,0.000,0.001
1113,K,0.435,0.034,0.270,0.000,0.000,0.002,0.000,0.005,0.034,0.006,0.414,0.000,0.002,0.020,0.088,0.001,0.077,0.022,0.009,0.017,0.000,0.000
1114,R,0.229,0.033,0.038,0.002,0.051,0.032,0.008,0.288,0.015,0.010,0.174,0.026,0.001,0.054,0.050,0.009,0.073,0.091,0.036,0.002,0.000,0.007
1115,N,0.323,0.034,0.041,0.003,0.152,0.085,0.001,0.026,0.005,0.000,0.375,0.012,0.001,0.109,0.028,0.011,0.005,0.084,0.019,0.001,0.000,0.009
1116,S,0.252,0.035,0.081,0.002,0.047,0.019,0.006,0.200,0.019,0.005,0.155,0.001,0.001,0.090,0.034,0.005,0.011,0.220,0.046,0.025,0.000,0.000
1117,D,0.260,0.230,0.047,0.000,0.139,0.055,0.001,0.050,0.008,0.002,0.196,0.000,0.006,0.056,0.006,0.013,0.085,0.068,0.035,0.003,0.000,0.001
1118,K,0.280,0.190,0.051,0.000,0.021,0.014,0.000,0.045,0.003,0.008,0.341,0.029,0.009,0.084,0.017,0.034,0.015,0.071,0.046,0.022,0.000,0.002
1119,L,0.388,0.033,0.029,0.000,0.001,0.009,0.007,0.015,0.003,0.007,0.033,0.513,0.014,0.017,0.015,0.103,0.017,0.030,0.027,0.011,0.000,0.119
1120,I,0.510,0.030,0.025,0.000,0.000,0.003,0.035,0.000,0.007,0.574,0.002,0.110,0.013,0.000,0.000,0.001,0.008,0.002,0.014,0.153,0.001,0.023
1121,A,0.573,0.030,0.082,0.001,0.003,0.027,0.000,0.025,0.001,0.000,0.019,0.000,0.001,0.013,0.687,0.024,0.027,0.056,0.004,0.000,0.000,0.001
1122,R,0.308,0.030,0.031,0.003,0.000,0.000,0.028,0.001,0.001,0.220,0.090,0.245,0.011,0.005,0.006,0.023,0.183,0.008,0.034,0.081,0.000,0.002
1123,K,0.782,0.030,0.008,0.001,0.015,0.001,0.000,0.013,0.003,0.000,0.869,0.000,0.000,0.032,0.000,0.003,0.007,0.011,0.008,0.000,0.000,0.000
1124,K,0.228,0.030,0.056,0.000,0.024,0.057,0.000,0.048,0.009,0.005,0.265,0.017,0.011,0.110,0.010,0.098,0.027,0.097,0.129,0.006,0.001,0.001
1125,D,0.312,0.029,0.016,0.001,0.151,0.032,0.005,0.245,0.024,0.001,0.100,0.006,0.000,0.224,0.000,0.005,0.014,0.121,0.017,0.001,0.000,0.010
1126,W,0.315,0.028,0.014,0.000,0.001,0.012,0.021,0.002,0.001,0.002,0.128,0.353,0.060,0.016,0.000,0.032,0.126,0.081,0.000,0.002,0.106,0.016
1127,D,0.460,0.028,0.016,0.001,0.497,0.026,0.001,0.001,0.002,0.007,0.006,0.020,0.000,0.111,0.181,0.009,0.001,0.084,0.008,0.002,0.000,0.000
1128,P,0.414,0.028,0.031,0.001,0.000,0.000,0.002,0.002,0.000,0.134,0.001,0.007,0.011,0.006,0.229,0.004,0.002,0.026,0.308,0.210,0.000,0.000
1129,K,0.202,0.029,0.080,0.007,0.103,0.216,0.001,0.018,0.013,0.006,0.146,0.013,0.007,0.066,0.001,0.051,0.023,0.109,0.088,0.016,0.004,0.004
1130,K,0.519,0.028,0.001,0.000,0.003,0.002,0.002,0.000,0.000,0.192,0.553,0.104,0.003,0.008,0.000,0.008,0.049,0.005,0.007,0.030,0.000,0.006
1131,Y,0.949,0.028,0.000,0.000,0.000,0.000,0.002,0.000,0.001,0.000,0.000,0.000,0.000,0.000,0.000,0.000,0.001,0.000,0.000,0.000,0.000,0.968
1132,G,0.958,0.028,0.000,0.000,0.000,0.000,0.000,0.972,0.000,0.000,0.000,0.000,0.000,0.000,0.000,0.000,0.000,0.000,0.000,0.000,0.000,0.000
1133,G,0.828,0.028,0.016,0.000,0.000,0.001,0.006,0.890,0.003,0.000,0.000,0.000,0.000,0.000,0.000,0.000,0.000,0.025,0.000,0.000,0.000,0.032
1134,F,0.634,0.028,0.001,0.000,0.000,0.000,0.236,0.000,0.013,0.004,0.014,0.016,0.009,0.000,0.001,0.000,0.013,0.000,0.005,0.012,0.000,0.650
1135,D,0.334,0.028,0.041,0.000,0.151,0.007,0.004,0.039,0.000,0.013,0.054,0.003,0.002,0.154,0.001,0.012,0.005,0.272,0.209,0.003,0.000,0.002
1136,S,0.367,0.028,0.013,0.000,0.016,0.023,0.000,0.213,0.008,0.000,0.185,0.000,0.000,0.086,0.009,0.017,0.052,0.328,0.018,0.000,0.000,0.005
1137,P,0.180,0.028,0.102,0.000,0.012,0.099,0.001,0.013,0.000,0.109,0.042,0.079,0.013,0.089,0.198,0.043,0.014,0.049,0.022,0.086,0.000,0.003
1138,T,0.266,0.028,0.066,0.000,0.001,0.028,0.003,0.016,0.000,0.026,0.155,0.007,0.004,0.133,0.001,0.070,0.014,0.116,0.270,0.051,0.000,0.011
1139,V,0.140,0.029,0.081,0.002,0.093,0.015,0.047,0.102,0.001,0.127,0.008,0.016,0.018,0.074,0.045,0.011,0.007,0.081,0.101,0.118,0.000,0.026
1140,A,0.611,0.028,0.665,0.002,0.005,0.002,0.000,0.017,0.006,0.005,0.011,0.001,0.017,0.002,0.000,0.002,0.000,0.189,0.037,0.012,0.000,0.000
1141,Y,0.678,0.033,0.008,0.005,0.000,0.005,0.092,0.013,0.026,0.009,0.003,0.009,0.003,0.005,0.000,0.000,0.001,0.010,0.001,0.000,0.001,0.777
1142,S,0.358,0.031,0.056,0.009,0.000,0.000,0.332,0.001,0.000,0.018,0.000,0.092,0.163,0.003,0.005,0.000,0.000,0.167,0.025,0.006,0.000,0.092
1143,V,0.317,0.028,0.191,0.037,0.000,0.001,0.113,0.000,0.000,0.100,0.000,0.025,0.062,0.000,0.000,0.000,0.000,0.112,0.061,0.265,0.000,0.005
1144,L,0.478,0.026,0.054,0.008,0.000,0.002,0.049,0.001,0.000,0.280,0.000,0.439,0.005,0.000,0.017,0.000,0.000,0.001,0.002,0.100,0.000,0.017
1145,V,0.554,0.025,0.024,0.002,0.000,0.005,0.061,0.000,0.001,0.186,0.000,0.042,0.004,0.000,0.000,0.000,0.000,0.000,0.003,0.590,0.000,0.057
1146,V,0.296,0.025,0.017,0.000,0.012,0.272,0.009,0.008,0.006,0.045,0.246,0.007,0.002,0.017,0.000,0.027,0.155,0.047,0.030,0.067,0.002,0.008
1147,A,0.237,0.025,0.177,0.015,0.004,0.007,0.044,0.022,0.121,0.132,0.004,0.050,0.005,0.004,0.000,0.004,0.000,0.081,0.023,0.089,0.000,0.195
1148,K,0.228,0.306,0.004,0.007,0.111,0.125,0.012,0.008,0.018,0.020,0.089,0.036,0.014,0.024,0.013,0.021,0.031,0.022,0.108,0.023,0.001,0.010
1149,V,0.589,0.691,0.003,0.001,0.092,0.005,0.001,0.022,0.001,0.067,0.022,0.006,0.005,0.007,0.003,0.001,0.009,0.002,0.003,0.057,0.000,0.002
1150,E,0.408,0.423,0.024,0.000,0.007,0.175,0.009,0.002,0.001,0.021,0.204,0.010,0.004,0.017,0.006,0.019,0.018,0.006,0.009,0.042,0.000,0.005
1151,K,0.484,0.205,0.011,0.001,0.053,0.010,0.003,0.004,0.009,0.024,0.550,0.004,0.000,0.053,0.003,0.017,0.017,0.019,0.011,0.005,0.000,0.001
1152,G,0.414,0.051,0.020,0.000,0.050,0.043,0.000,0.526,0.004,0.002,0.096,0.009,0.002,0.106,0.010,0.012,0.019,0.016,0.023,0.012,0.000,0.000
1153,K,0.654,0.025,0.017,0.000,0.020,0.014,0.001,0.004,0.000,0.001,0.775,0.005,0.001,0.053,0.002,0.011,0.037,0.022,0.008,0.004,0.000,0.001
1154,S,0.361,0.160,0.050,0.000,0.029,0.044,0.001,0.004,0.003,0.007,0.453,0.002,0.005,0.063,0.023,0.015,0.031,0.057,0.038,0.013,0.002,0.000
1155,K,0.451,0.509,0.009,0.002,0.028,0.034,0.000,0.114,0.001,0.001,0.186,0.003,0.000,0.017,0.020,0.022,0.016,0.021,0.012,0.002,0.000,0.005
1156,K,0.651,0.701,0.008,0.000,0.017,0.033,0.000,0.000,0.000,0.005,0.183,0.004,0.001,0.011,0.000,0.011,0.003,0.012,0.004,0.008,0.000,0.000
1157,L,0.770,0.836,0.001,0.002,0.001,0.006,0.001,0.000,0.000,0.018,0.003,0.098,0.003,0.000,0.001,0.004,0.002,0.002,0.008,0.015,0.000,0.000
1158,K,0.741,0.804,0.002,0.000,0.003,0.026,0.000,0.001,0.000,0.002,0.117,0.000,0.001,0.001,0.000,0.006,0.007,0.003,0.013,0.014,0.000,0.001
1159,S,0.222,0.308,0.016,0.003,0.035,0.057,0.033,0.000,0.013,0.043,0.045,0.024,0.002,0.022,0.028,0.009,0.140,0.057,0.113,0.044,0.001,0.010
1160,V,0.214,0.107,0.020,0.008,0.019,0.094,0.005,0.015,0.003,0.179,0.091,0.023,0.018,0.014,0.000,0.049,0.008,0.035,0.058,0.234,0.000,0.022
1161,K,0.268,0.043,0.006,0.001,0.001,0.001,0.053,0.003,0.001,0.055,0.196,0.087,0.004,0.040,0.001,0.013,0.192,0.010,0.035,0.037,0.005,0.217
1162,E,0.220,0.019,0.030,0.009,0.019,0.172,0.005,0.014,0.012,0.019,0.208,0.021,0.021,0.009,0.001,0.065,0.136,0.081,0.138,0.019,0.001,0.003
1163,L,0.470,0.019,0.006,0.000,0.000,0.000,0.134,0.002,0.000,0.277,0.001,0.319,0.033,0.000,0.003,0.000,0.000,0.002,0.002,0.199,0.002,0.002
1164,L,0.323,0.019,0.044,0.014,0.013,0.208,0.025,0.007,0.008,0.147,0.009,0.065,0.028,0.002,0.000,0.021,0.005,0.017,0.007,0.351,0.000,0.012
1165,G,0.286,0.019,0.079,0.005,0.015,0.017,0.020,0.399,0.003,0.000,0.044,0.003,0.008,0.054,0.125,0.026,0.032,0.073,0.047,0.010,0.000,0.023
1166,I,0.645,0.019,0.001,0.000,0.000,0.000,0.007,0.000,0.000,0.490,0.001,0.040,0.018,0.000,0.000,0.000,0.000,0.002,0.001,0.418,0.001,0.003
1167,T,0.483,0.019,0.012,0.000,0.026,0.037,0.014,0.000,0.007,0.001,0.010,0.017,0.003,0.024,0.585,0.003,0.006,0.068,0.148,0.000,0.000,0.022
1168,I,0.358,0.019,0.019,0.002,0.000,0.002,0.002,0.002,0.001,0.335,0.001,0.194,0.078,0.016,0.000,0.012,0.035,0.017,0.093,0.167,0.001,0.005
1169,M,0.236,0.019,0.028,0.001,0.002,0.007,0.014,0.002,0.029,0.055,0.013,0.095,0.176,0.007,0.002,0.032,0.195,0.051,0.023,0.022,0.011,0.217
1170,E,0.165,0.019,0.077,0.011,0.112,0.166,0.016,0.001,0.012,0.096,0.037,0.177,0.031,0.027,0.000,0.013,0.011,0.023,0.008,0.077,0.028,0.059
1171,R,0.209,0.019,0.200,0.008,0.017,0.013,0.002,0.025,0.007,0.031,0.179,0.110,0.008,0.010,0.000,0.038,0.128,0.058,0.018,0.098,0.001,0.032
1172,S,0.169,0.019,0.120,0.002,0.080,0.086,0.000,0.024,0.014,0.015,0.152,0.022,0.008,0.136,0.021,0.045,0.022,0.147,0.048,0.030,0.000,0.012
1173,S,0.160,0.018,0.079,0.002,0.043,0.108,0.011,0.013,0.010,0.026,0.209,0.058,0.022,0.049,0.001,0.091,0.126,0.072,0.030,0.018,0.006,0.010
1174,F,0.341,0.017,0.012,0.003,0.010,0.009,0.237,0.011,0.001,0.207,0.012,0.289,0.011,0.014,0.002,0.007,0.003,0.027,0.005,0.050,0.001,0.074
1175,E,0.323,0.019,0.034,0.000,0.054,0.377,0.002,0.020,0.002,0.011,0.211,0.029,0.005,0.086,0.006,0.057,0.037,0.015,0.024,0.006,0.000,0.006
1176,K,0.201,0.033,0.056,0.004,0.069,0.115,0.001,0.016,0.020,0.008,0.231,0.007,0.006,0.088,0.005,0.123,0.062,0.079,0.064,0.009,0.000,0.004
1177,N,0.269,0.028,0.103,0.008,0.272,0.059,0.001,0.039,0.010,0.017,0.070,0.044,0.002,0.232,0.002,0.021,0.010,0.064,0.009,0.005,0.000,0.005
1178,P,0.222,0.019,0.031,0.000,0.032,0.173,0.000,0.011,0.007,0.030,0.171,0.036,0.010,0.041,0.235,0.068,0.039,0.056,0.023,0.013,0.000,0.007
1179,I,0.164,0.018,0.024,0.008,0.077,0.174,0.008,0.010,0.006,0.149,0.122,0.081,0.008,0.058,0.004,0.055,0.032,0.029,0.041,0.087,0.000,0.010
1180,D,0.217,0.032,0.127,0.000,0.094,0.211,0.002,0.016,0.009,0.004,0.170,0.019,0.005,0.075,0.001,0.072,0.039,0.062,0.039,0.017,0.000,0.007
1181,F,0.473,0.033,0.022,0.005,0.007,0.005,0.208,0.011,0.006,0.038,0.015,0.029,0.016,0.000,0.000,0.002,0.000,0.002,0.013,0.018,0.021,0.551
1182,L,0.430,0.035,0.078,0.108,0.002,0.001,0.030,0.004,0.004,0.101,0.002,0.520,0.015,0.003,0.000,0.010,0.006,0.007,0.010,0.062,0.000,0.003
1183,E,0.222,0.030,0.054,0.011,0.021,0.296,0.006,0.006,0.012,0.025,0.183,0.042,0.010,0.050,0.001,0.039,0.082,0.044,0.058,0.024,0.002,0.006
1184,A,0.236,0.025,0.052,0.000,0.105,0.235,0.002,0.029,0.004,0.003,0.159,0.002,0.007,0.103,0.001,0.080,0.041,0.092,0.043,0.005,0.000,0.013
1185,K,0.205,0.009,0.021,0.016,0.014,0.053,0.013,0.003,0.009,0.101,0.246,0.174,0.007,0.068,0.002,0.050,0.050,0.028,0.032,0.092,0.002,0.011
1186,G,0.317,0.027,0.025,0.001,0.040,0.054,0.001,0.429,0.018,0.015,0.156,0.003,0.005,0.049,0.007,0.035,0.021,0.032,0.043,0.041,0.001,0.000
1187,Y,0.257,0.010,0.022,0.006,0.012,0.021,0.033,0.016,0.007,0.090,0.064,0.248,0.023,0.016,0.012,0.009,0.004,0.015,0.025,0.102,0.002,0.265
1188,K,0.180,0.009,0.023,0.005,0.040,0.128,0.010,0.014,0.031,0.063,0.269,0.033,0.003,0.061,0.022,0.051,0.040,0.056,0.064,0.076,0.000,0.002
1189,E,0.272,0.008,0.010,0.001,0.188,0.155,0.036,0.034,0.014,0.000,0.070,0.010,0.003,0.288,0.021,0.034,0.014,0.073,0.025,0.009,0.003,0.005
1190,V,0.391,0.008,0.053,0.006,0.001,0.006,0.288,0.001,0.001,0.133,0.001,0.026,0.002,0.000,0.248,0.001,0.000,0.007,0.008,0.181,0.000,0.030
1191,K,0.248,0.010,0.004,0.001,0.075,0.200,0.002,0.007,0.007,0.027,0.222,0.015,0.001,0.031,0.025,0.085,0.157,0.055,0.029,0.045,0.000,0.003
1192,K,0.762,0.852,0.004,0.001,0.005,0.036,0.005,0.003,0.000,0.005,0.043,0.002,0.000,0.004,0.006,0.000,0.024,0.006,0.005,0.000,0.000,0.000
1193,D,0.463,0.152,0.000,0.001,0.046,0.020,0.008,0.000,0.006,0.426,0.008,0.051,0.011,0.015,0.002,0.000,0.001,0.004,0.000,0.250,0.000,0.000
1194,L,0.340,0.009,0.008,0.020,0.004,0.014,0.006,0.025,0.007,0.206,0.054,0.317,0.003,0.028,0.000,0.008,0.053,0.018,0.011,0.209,0.000,0.001
1195,I,0.278,0.007,0.024,0.009,0.001,0.008,0.020,0.005,0.003,0.246,0.092,0.245,0.039,0.016,0.000,0.010,0.085,0.009,0.008,0.118,0.004,0.053
1196,I,0.177,0.007,0.050,0.000,0.102,0.036,0.016,0.057,0.003,0.114,0.098,0.026,0.013,0.041,0.221,0.007,0.109,0.050,0.024,0.012,0.000,0.016
1197,K,0.453,0.006,0.003,0.028,0.002,0.034,0.010,0.007,0.073,0.037,0.588,0.002,0.006,0.022,0.026,0.014,0.102,0.005,0.014,0.022,0.000,0.001
1198,L,0.592,0.004,0.000,0.000,0.000,0.000,0.007,0.000,0.000,0.395,0.000,0.287,0.010,0.000,0.000,0.000,0.000,0.000,0.001,0.285,0.011,0.000
1199,P,0.339,0.003,0.010,0.029,0.001,0.000,0.023,0.015,0.015,0.000,0.249,0.110,0.038,0.017,0.343,0.005,0.040,0.019,0.003,0.007,0.001,0.075
1200,K,0.354,0.003,0.005,0.004,0.000,0.001,0.052,0.000,0.002,0.179,0.375,0.073,0.035,0.010,0.012,0.013,0.016,0.009,0.016,0.040,0.000,0.155
1201,Y,0.347,0.003,0.000,0.000,0.057,0.027,0.015,0.121,0.020,0.000,0.076,0.002,0.010,0.277,0.000,0.042,0.069,0.005,0.000,0.000,0.001,0.275
1202,S,0.558,0.003,0.058,0.004,0.006,0.003,0.000,0.001,0.000,0.002,0.001,0.000,0.001,0.002,0.000,0.420,0.000,0.326,0.170,0.003,0.000,0.000
1203,L,0.554,0.003,0.008,0.021,0.000,0.017,0.005,0.000,0.006,0.019,0.057,0.678,0.024,0.000,0.012,0.008,0.036,0.003,0.009,0.092,0.000,0.003
1204,F,0.476,0.002,0.004,0.003,0.000,0.000,0.276,0.000,0.000,0.324,0.000,0.138,0.018,0.000,0.000,0.000,0.000,0.000,0.007,0.191,0.001,0.037
1205,E,0.277,0.002,0.005,0.010,0.026,0.356,0.012,0.000,0.012,0.095,0.153,0.058,0.004,0.024,0.000,0.046,0.054,0.055,0.008,0.052,0.005,0.022
1206,L,0.274,0.241,0.006,0.011,0.044,0.007,0.104,0.003,0.000,0.167,0.007,0.166,0.016,0.025,0.000,0.003,0.000,0.021,0.007,0.107,0.008,0.058
1207,E,0.450,0.472,0.013,0.000,0.183,0.162,0.001,0.006,0.005,0.005,0.039,0.000,0.000,0.031,0.017,0.010,0.010,0.037,0.006,0.002,0.000,0.002
1208,N,0.429,0.002,0.011,0.000,0.323,0.065,0.000,0.163,0.006,0.001,0.043,0.001,0.002,0.322,0.002,0.013,0.015,0.012,0.007,0.006,0.000,0.007
1209,G,0.583,0.002,0.009,0.002,0.077,0.015,0.000,0.709,0.002,0.003,0.026,0.000,0.001,0.063,0.005,0.009,0.007,0.014,0.017,0.013,0.003,0.024
1210,R,0.165,0.002,0.038,0.014,0.025,0.040,0.198,0.071,0.038,0.015,0.064,0.012,0.006,0.027,0.000,0.081,0.151,0.059,0.026,0.020,0.000,0.114
1211,K,0.316,0.002,0.003,0.006,0.007,0.056,0.035,0.001,0.009,0.009,0.223,0.095,0.006,0.011,0.068,0.025,0.332,0.012,0.007,0.005,0.002,0.087
1212,R,0.335,0.002,0.023,0.027,0.000,0.003,0.245,0.002,0.000,0.019,0.001,0.094,0.115,0.001,0.000,0.008,0.215,0.008,0.001,0.065,0.000,0.172
1213,M,0.214,0.002,0.027,0.022,0.000,0.002,0.049,0.007,0.077,0.019,0.005,0.177,0.163,0.029,0.000,0.006,0.060,0.028,0.097,0.011,0.034,0.186
1214,L,0.625,0.002,0.006,0.000,0.000,0.000,0.018,0.000,0.000,0.284,0.000,0.574,0.012,0.000,0.001,0.001,0.000,0.002,0.001,0.090,0.005,0.004
1215,A,0.320,0.002,0.247,0.002,0.001,0.016,0.004,0.217,0.000,0.009,0.047,0.001,0.000,0.027,0.012,0.007,0.037,0.148,0.164,0.051,0.000,0.010
1216,S,0.667,0.001,0.028,0.002,0.000,0.000,0.001,0.380,0.000,0.001,0.002,0.000,0.000,0.000,0.001,0.006,0.001,0.540,0.038,0.000,0.000,0.000
1217,A,0.225,0.002,0.235,0.010,0.061,0.022,0.010,0.016,0.012,0.003,0.125,0.012,0.005,0.040,0.028,0.091,0.100,0.175,0.031,0.004,0.000,0.020
1218,G,0.199,0.007,0.021,0.003,0.017,0.043,0.022,0.070,0.002,0.118,0.117,0.114,0.012,0.042,0.000,0.029,0.029,0.065,0.249,0.032,0.000,0.011
1219,E,0.338,0.003,0.008,0.004,0.022,0.391,0.007,0.023,0.004,0.060,0.015,0.033,0.018,0.052,0.000,0.008,0.002,0.035,0.023,0.061,0.002,0.230
1220,L,0.238,0.001,0.060,0.013,0.000,0.003,0.098,0.002,0.000,0.102,0.074,0.281,0.053,0.000,0.010,0.039,0.033,0.009,0.015,0.116,0.012,0.079
1221,Q,0.216,0.001,0.030,0.017,0.039,0.011,0.002,0.011,0.166,0.021,0.126,0.007,0.002,0.040,0.006,0.215,0.114,0.031,0.022,0.024,0.004,0.114
1222,K,0.487,0.001,0.003,0.014,0.007,0.000,0.000,0.054,0.010,0.004,0.211,0.004,0.004,0.520,0.053,0.002,0.011,0.086,0.011,0.005,0.000,0.000
1223,G,0.471,0.001,0.557,0.007,0.011,0.017,0.043,0.199,0.002,0.017,0.003,0.028,0.013,0.024,0.003,0.003,0.001,0.023,0.010,0.021,0.000,0.019
1224,N,0.249,0.000,0.008,0.007,0.004,0.030,0.008,0.001,0.004,0.042,0.158,0.010,0.052,0.259,0.000,0.128,0.071,0.026,0.050,0.118,0.003,0.022
1225,E,0.640,0.000,0.009,0.000,0.008,0.212,0.000,0.002,0.000,0.001,0.001,0.001,0.003,0.013,0.039,0.657,0.000,0.050,0.002,0.000,0.000,0.003
1226,L,0.643,0.000,0.001,0.000,0.000,0.000,0.084,0.000,0.000,0.058,0.000,0.706,0.093,0.004,0.009,0.003,0.001,0.001,0.000,0.036,0.003,0.001
1227,A,0.255,0.000,0.092,0.056,0.001,0.000,0.066,0.002,0.007,0.161,0.044,0.045,0.008,0.004,0.005,0.000,0.007,0.026,0.048,0.293,0.064,0.071
1228,L,0.626,0.000,0.012,0.009,0.001,0.000,0.056,0.002,0.000,0.069,0.000,0.722,0.026,0.000,0.004,0.000,0.000,0.009,0.002,0.070,0.009,0.009
1229,P,0.418,0.000,0.020,0.004,0.150,0.029,0.000,0.030,0.000,0.001,0.023,0.002,0.000,0.070,0.273,0.004,0.003,0.353,0.037,0.001,0.000,0.000
1230,S,0.103,0.000,0.035,0.008,0.081,0.104,0.009,0.029,0.013,0.019,0.118,0.063,0.012,0.101,0.044,0.110,0.051,0.068,0.035,0.028,0.009,0.064
1231,K,0.237,0.000,0.024,0.003,0.140,0.216,0.004,0.019,0.087,0.002,0.215,0.008,0.004,0.063,0.005,0.053,0.023,0.050,0.042,0.011,0.004,0.029
1232,Y,0.141,0.000,0.075,0.004,0.087,0.105,0.027,0.003,0.019,0.040,0.018,0.150,0.026,0.039,0.000,0.041,0.005,0.130,0.055,0.024,0.053,0.100
1233,V,0.185,0.006,0.051,0.008,0.007,0.089,0.001,0.008,0.005,0.092,0.014,0.072,0.136,0.032,0.000,0.098,0.014,0.021,0.101,0.184,0.002,0.059
1234,N,0.218,0.003,0.096,0.010,0.030,0.122,0.005,0.009,0.005,0.015,0.280,0.031,0.004,0.068,0.008,0.075,0.102,0.019,0.080,0.021,0.005,0.013
1235,F,0.308,0.001,0.047,0.007,0.004,0.007,0.064,0.001,0.007,0.127,0.025,0.288,0.013,0.008,0.000,0.008,0.009,0.013,0.064,0.061,0.002,0.245
1236,L,0.534,0.002,0.025,0.002,0.000,0.000,0.045,0.000,0.000,0.286,0.006,0.502,0.016,0.006,0.000,0.000,0.000,0.007,0.005,0.087,0.005,0.007
1237,Y,0.250,0.006,0.059,0.013,0.032,0.013,0.011,0.011,0.021,0.007,0.303,0.031,0.009,0.056,0.000,0.023,0.066,0.074,0.047,0.005,0.004,0.210
1238,L,0.184,0.007,0.022,0.002,0.095,0.026,0.007,0.060,0.161,0.013,0.221,0.084,0.009,0.087,0.001,0.033,0.075,0.035,0.024,0.013,0.009,0.017
1239,A,0.230,0.017,0.186,0.014,0.013,0.012,0.012,0.009,0.012,0.222,0.041,0.192,0.023,0.039,0.007,0.011,0.010,0.031,0.014,0.093,0.000,0.045
1240,S,0.102,0.031,0.029,0.010,0.051,0.169,0.026,0.023,0.023,0.068,0.098,0.092,0.012,0.040,0.010,0.059,0.024,0.103,0.038,0.071,0.005,0.019
1241,H,0.273,0.037,0.029,0.000,0.040,0.034,0.005,0.010,0.067,0.006,0.373,0.011,0.004,0.118,0.015,0.030,0.113,0.061,0.033,0.008,0.000,0.008
1242,Y,0.142,0.043,0.082,0.032,0.050,0.025,0.138,0.032,0.010,0.110,0.044,0.073,0.012,0.016,0.010,0.005,0.009,0.037,0.017,0.056,0.003,0.199
1243,E,0.093,0.038,0.050,0.020,0.107,0.074,0.007,0.023,0.023,0.085,0.091,0.094,0.017,0.100,0.026,0.021,0.018,0.077,0.045,0.076,0.000,0.010
1244,K,0.181,0.040,0.054,0.005,0.097,0.198,0.007,0.021,0.008,0.022,0.167,0.024,0.002,0.129,0.010,0.047,0.027,0.074,0.034,0.011,0.000,0.025
1245,L,0.084,0.071,0.034,0.017,0.083,0.062,0.043,0.032,0.009,0.063,0.153,0.075,0.013,0.048,0.008,0.023,0.078,0.085,0.037,0.044,0.012,0.011
1246,K,0.114,0.113,0.022,0.013,0.087,0.075,0.010,0.042,0.010,0.034,0.135,0.047,0.003,0.124,0.020,0.031,0.068,0.082,0.028,0.024,0.000,0.035
1247,G,0.177,0.231,0.043,0.001,0.056,0.130,0.017,0.048,0.015,0.008,0.144,0.024,0.005,0.059,0.012,0.026,0.021,0.080,0.021,0.027,0.000,0.035
1248,S,0.453,0.611,0.012,0.002,0.045,0.066,0.008,0.008,0.020,0.012,0.050,0.020,0.002,0.029,0.003,0.044,0.002,0.034,0.015,0.011,0.000,0.009
1249,P,0.452,0.604,0.025,0.002,0.036,0.029,0.007,0.014,0.009,0.011,0.025,0.007,0.008,0.117,0.023,0.008,0.019,0.023,0.004,0.009,0.001,0.022
1250,E,0.489,0.592,0.018,0.000,0.025,0.086,0.001,0.013,0.005,0.001,0.141,0.005,0.005,0.036,0.019,0.008,0.014,0.012,0.009,0.009,0.003,0.000
1251,D,0.446,0.590,0.015,0.000,0.082,0.058,0.009,0.008,0.005,0.012,0.057,0.017,0.000,0.041,0.000,0.011,0.017,0.034,0.019,0.018,0.001,0.007
1252,N,0.361,0.532,0.027,0.002,0.033,0.039,0.018,0.015,0.003,0.063,0.045,0.061,0.010,0.040,0.006,0.014,0.011,0.013,0.018,0.017,0.000,0.036
1253,E,0.262,0.372,0.023,0.002,0.084,0.106,0.007,0.024,0.001,0.077,0.071,0.024,0.000,0.025,0.057,0.016,0.011,0.041,0.019,0.034,0.005,0.002
1254,Q,0.210,0.319,0.023,0.003,0.068,0.135,0.022,0.007,0.007,0.021,0.092,0.026,0.004,0.039,0.011,0.043,0.025,0.029,0.050,0.020,0.005,0.054
1255,K,0.208,0.289,0.021,0.002,0.094,0.073,0.014,0.008,0.075,0.022,0.082,0.025,0.004,0.033,0.005,0.010,0.015,0.136,0.015,0.036,0.006,0.037
1256,Q,0.163,0.240,0.010,0.004,0.040,0.112,0.070,0.051,0.012,0.025,0.090,0.098,0.007,0.033,0.006,0.065,0.032,0.028,0.011,0.024,0.000,0.044
1257,L,0.213,0.186,0.024,0.000,0.195,0.090,0.005,0.008,0.004,0.154,0.053,0.080,0.010,0.050,0.006,0.039,0.016,0.018,0.009,0.034,0.001,0.018
1258,F,0.125,0.141,0.031,0.012,0.046,0.051,0.059,0.028,0.016,0.024,0.073,0.047,0.005,0.054,0.010,0.034,0.021,0.053,0.121,0.010,0.000,0.165
1259,V,0.174,0.071,0.023,0.006,0.143,0.065,0.001,0.016,0.011,0.138,0.073,0.054,0.001,0.067,0.005,0.011,0.031,0.072,0.042,0.167,0.000,0.003
1260,E,0.271,0.019,0.031,0.002,0.105,0.370,0.002,0.024,0.007,0.024,0.111,0.020,0.007,0.079,0.000,0.073,0.011,0.043,0.033,0.031,0.000,0.010
1261,Q,0.198,0.007,0.052,0.017,0.115,0.225,0.004,0.016,0.006,0.019,0.168,0.045,0.015,0.076,0.004,0.090,0.053,0.050,0.021,0.009,0.001,0.007
1262,H,0.376,0.006,0.024,0.004,0.007,0.000,0.035,0.003,0.178,0.031,0.006,0.350,0.020,0.255,0.001,0.010,0.008,0.008,0.010,0.018,0.003,0.024
1263,K,0.183,0.004,0.014,0.009,0.066,0.051,0.002,0.011,0.006,0.208,0.087,0.174,0.037,0.065,0.005,0.038,0.078,0.018,0.030,0.084,0.002,0.011
1264,H,0.171,0.003,0.081,0.000,0.102,0.195,0.011,0.018,0.048,0.010,0.150,0.013,0.016,0.082,0.006,0.070,0.051,0.070,0.038,0.015,0.001,0.020
1265,Y,0.310,0.003,0.051,0.007,0.024,0.094,0.025,0.009,0.001,0.106,0.014,0.338,0.035,0.002,0.001,0.015,0.005,0.007,0.017,0.208,0.000,0.040
1266,L,0.631,0.004,0.000,0.000,0.000,0.000,0.393,0.000,0.000,0.022,0.000,0.051,0.002,0.003,0.001,0.000,0.006,0.000,0.001,0.003,0.014,0.500
1267,D,0.366,0.004,0.026,0.003,0.472,0.124,0.003,0.012,0.007,0.013,0.081,0.023,0.003,0.085,0.000,0.049,0.032,0.038,0.014,0.003,0.001,0.009
1268,E,0.214,0.004,0.059,0.005,0.067,0.352,0.023,0.006,0.013,0.048,0.053,0.076,0.022,0.030,0.002,0.028,0.013,0.041,0.065,0.057,0.003,0.033
1269,I,0.555,0.004,0.004,0.003,0.000,0.001,0.093,0.000,0.000,0.388,0.000,0.414,0.008,0.000,0.000,0.000,0.000,0.001,0.011,0.047,0.000,0.027
1270,I,0.331,0.005,0.035,0.044,0.001,0.004,0.064,0.000,0.001,0.158,0.019,0.389,0.032,0.002,0.000,0.013,0.011,0.018,0.061,0.127,0.008,0.009
1271,E,0.217,0.007,0.044,0.004,0.187,0.243,0.007,0.021,0.022,0.011,0.071,0.019,0.006,0.102,0.000,0.053,0.026,0.099,0.050,0.008,0.004,0.018
1272,Q,0.348,0.023,0.019,0.016,0.004,0.015,0.007,0.008,0.023,0.042,0.485,0.024,0.007,0.009,0.001,0.146,0.042,0.027,0.021,0.034,0.001,0.050
1273,I,0.337,0.021,0.026,0.014,0.000,0.003,0.029,0.013,0.045,0.204,0.001,0.223,0.106,0.002,0.000,0.002,0.000,0.006,0.011,0.263,0.000,0.033
1274,S,0.156,0.010,0.023,0.008,0.109,0.109,0.006,0.016,0.007,0.047,0.118,0.073,0.023,0.172,0.008,0.067,0.027,0.105,0.034,0.035,0.000,0.005
1275,E,0.179,0.010,0.035,0.008,0.087,0.107,0.002,0.016,0.050,0.013,0.182,0.021,0.004,0.148,0.001,0.053,0.073,0.105,0.060,0.019,0.000,0.006
1276,F,0.212,0.011,0.023,0.008,0.009,0.017,0.221,0.045,0.030,0.011,0.058,0.034,0.002,0.034,0.021,0.017,0.023,0.092,0.091,0.012,0.002,0.242
1277,S,0.230,0.015,0.109,0.012,0.007,0.008,0.197,0.007,0.000,0.192,0.009,0.084,0.030,0.027,0.033,0.000,0.002,0.105,0.008,0.054,0.000,0.102
1278,K,0.212,0.011,0.021,0.002,0.035,0.076,0.072,0.013,0.004,0.002,0.099,0.025,0.005,0.058,0.215,0.022,0.023,0.055,0.027,0.012,0.001,0.223
1279,R,0.225,0.012,0.045,0.010,0.008,0.021,0.018,0.029,0.007,0.043,0.213,0.250,0.020,0.049,0.001,0.047,0.124,0.068,0.014,0.014,0.003,0.007
1280,V,0.309,0.011,0.007,0.006,0.002,0.005,0.130,0.012,0.024,0.024,0.119,0.056,0.010,0.066,0.001,0.010,0.019,0.013,0.017,0.066,0.003,0.400
1281,I,0.162,0.010,0.028,0.009,0.188,0.025,0.011,0.012,0.009,0.099,0.128,0.038,0.018,0.023,0.011,0.033,0.158,0.051,0.063,0.069,0.001,0.017
1282,L,0.126,0.017,0.021,0.000,0.043,0.009,0.052,0.053,0.008,0.122,0.106,0.194,0.034,0.048,0.083,0.036,0.032,0.047,0.039,0.038,0.002,0.019
1283,A,0.191,0.051,0.196,0.002,0.022,0.042,0.020,0.071,0.007,0.032,0.050,0.018,0.002,0.249,0.010,0.033,0.057,0.065,0.015,0.037,0.001,0.022
1284,D,0.500,0.643,0.011,0.001,0.068,0.065,0.001,0.015,0.004,0.005,0.045,0.020,0.002,0.036,0.022,0.013,0.013,0.019,0.015,0.003,0.000,0.001
1285,A,0.212,0.140,0.103,0.002,0.038,0.018,0.004,0.050,0.014,0.006,0.260,0.021,0.005,0.099,0.045,0.036,0.013,0.092,0.043,0.009,0.000,0.005
1286,N,0.151,0.110,0.032,0.003,0.025,0.012,0.188,0.010,0.011,0.068,0.053,0.037,0.026,0.164,0.034,0.088,0.021,0.024,0.017,0.058,0.000,0.020
1287,L,0.168,0.041,0.072,0.007,0.012,0.031,0.029,0.097,0.001,0.070,0.035,0.188,0.009,0.012,0.004,0.015,0.190,0.034,0.016,0.076,0.008,0.054
1288,D,0.219,0.021,0.042,0.002,0.110,0.258,0.003,0.029,0.003,0.027,0.180,0.042,0.009,0.065,0.012,0.081,0.014,0.052,0.028,0.021,0.001,0.001
1289,K,0.277,0.019,0.034,0.009,0.022,0.050,0.021,0.025,0.009,0.034,0.435,0.038,0.004,0.050,0.001,0.021,0.059,0.057,0.076,0.034,0.000,0.004
1290,V,0.525,0.022,0.014,0.001,0.003,0.000,0.035,0.006,0.001,0.233,0.010,0.552,0.023,0.001,0.000,0.000,0.007,0.008,0.005,0.076,0.002,0.002
1291,L,0.126,0.026,0.051,0.001,0.037,0.121,0.005,0.011,0.059,0.078,0.134,0.082,0.012,0.110,0.002,0.055,0.059,0.059,0.053,0.038,0.000,0.006
1292,S,0.224,0.037,0.076,0.001,0.137,0.179,0.002,0.016,0.008,0.014,0.150,0.018,0.014,0.122,0.000,0.045,0.011,0.130,0.028,0.014,0.000,0.000
1293,A,0.191,0.040,0.121,0.007,0.007,0.013,0.008,0.272,0.015,0.030,0.084,0.121,0.009,0.053,0.006,0.018,0.023,0.074,0.030,0.046,0.009,0.016
1294,Y,0.248,0.033,0.040,0.003,0.008,0.044,0.093,0.005,0.008,0.047,0.132,0.045,0.002,0.007,0.002,0.034,0.307,0.019,0.013,0.021,0.000,0.141
1295,N,0.270,0.024,0.050,0.001,0.227,0.310,0.012,0.019,0.015,0.018,0.051,0.012,0.001,0.094,0.013,0.028,0.009,0.065,0.030,0.015,0.000,0.008
1296,K,0.225,0.022,0.075,0.004,0.068,0.096,0.004,0.009,0.001,0.053,0.331,0.034,0.004,0.070,0.003,0.066,0.040,0.047,0.038,0.025,0.001,0.010
1297,H,0.565,0.020,0.008,0.000,0.000,0.004,0.701,0.000,0.021,0.025,0.014,0.020,0.009,0.090,0.000,0.014,0.014,0.006,0.005,0.006,0.011,0.034
1298,R,0.143,0.023,0.050,0.014,0.081,0.141,0.003,0.010,0.003,0.130,0.159,0.043,0.018,0.081,0.005,0.034,0.050,0.049,0.025,0.059,0.000,0.024
1299,D,0.208,0.023,0.047,0.005,0.102,0.122,0.009,0.037,0.006,0.027,0.240,0.017,0.003,0.136,0.004,0.048,0.012,0.094,0.054,0.013,0.000,0.004
1300,K,0.329,0.017,0.072,0.021,0.021,0.040,0.030,0.025,0.004,0.050,0.087,0.487,0.026,0.013,0.001,0.009,0.004,0.036,0.014,0.034,0.000,0.012
1301,P,0.267,0.015,0.016,0.008,0.218,0.076,0.001,0.018,0.000,0.036,0.064,0.015,0.000,0.069,0.054,0.009,0.002,0.265,0.092,0.042,0.000,0.000
1302,I,0.213,0.015,0.042,0.009,0.024,0.032,0.029,0.005,0.006,0.258,0.040,0.201,0.011,0.028,0.029,0.049,0.011,0.029,0.052,0.126,0.001,0.006
1303,R,0.176,0.015,0.048,0.002,0.075,0.278,0.012,0.011,0.008,0.040,0.121,0.050,0.004,0.050,0.013,0.029,0.051,0.075,0.027,0.054,0.003,0.034
1304,E,0.307,0.017,0.028,0.001,0.175,0.334,0.000,0.146,0.001,0.020,0.088,0.015,0.005,0.045,0.000,0.050,0.004,0.029,0.021,0.013,0.000,0.010
1305,Q,0.472,0.016,0.004,0.000,0.000,0.007,0.008,0.000,0.000,0.062,0.397,0.105,0.021,0.001,0.000,0.328,0.022,0.001,0.003,0.017,0.000,0.009
1306,A,0.196,0.016,0.202,0.199,0.005,0.016,0.027,0.013,0.008,0.081,0.055,0.044,0.008,0.002,0.001,0.033,0.075,0.074,0.023,0.097,0.000,0.022
1307,E,0.171,0.016,0.032,0.002,0.076,0.210,0.019,0.017,0.011,0.075,0.163,0.034,0.006,0.079,0.000,0.063,0.026,0.078,0.050,0.026,0.000,0.018
1308,N,0.297,0.016,0.055,0.006,0.006,0.008,0.018,0.004,0.001,0.184,0.008,0.068,0.017,0.049,0.000,0.009,0.004,0.153,0.089,0.297,0.000,0.008
1309,I,0.555,0.017,0.001,0.002,0.000,0.003,0.168,0.000,0.000,0.284,0.000,0.462,0.015,0.000,0.000,0.000,0.000,0.004,0.003,0.040,0.001,0.000
1310,I,0.150,0.019,0.022,0.013,0.028,0.023,0.019,0.032,0.001,0.175,0.089,0.177,0.039,0.108,0.000,0.039,0.030,0.058,0.036,0.063,0.002,0.029
1311,H,0.262,0.020,0.024,0.001,0.056,0.226,0.002,0.045,0.021,0.002,0.071,0.013,0.005,0.213,0.000,0.151,0.064,0.069,0.011,0.003,0.000,0.003
1312,L,0.532,0.020,0.008,0.001,0.000,0.000,0.024,0.001,0.000,0.403,0.000,0.377,0.064,0.001,0.000,0.000,0.000,0.002,0.010,0.086,0.002,0.001
1313,F,0.560,0.020,0.007,0.001,0.000,0.000,0.085,0.000,0.008,0.091,0.005,0.638,0.071,0.000,0.000,0.007,0.000,0.001,0.007,0.057,0.000,0.002
1314,T,0.147,0.020,0.035,0.000,0.025,0.043,0.002,0.018,0.061,0.099,0.177,0.030,0.017,0.128,0.003,0.070,0.054,0.075,0.102,0.028,0.000,0.014
1315,L,0.315,0.020,0.065,0.002,0.002,0.010,0.139,0.212,0.000,0.113,0.003,0.287,0.038,0.006,0.000,0.000,0.003,0.016,0.008,0.045,0.003,0.030
1316,T,0.356,0.020,0.026,0.010,0.001,0.001,0.166,0.005,0.000,0.039,0.000,0.343,0.047,0.048,0.000,0.000,0.000,0.036,0.212,0.035,0.000,0.014
1317,N,0.281,0.020,0.117,0.007,0.007,0.003,0.001,0.050,0.301,0.000,0.101,0.001,0.004,0.078,0.000,0.116,0.036,0.106,0.043,0.005,0.001,0.004
1318,L,0.191,0.023,0.292,0.131,0.056,0.005,0.051,0.030,0.002,0.043,0.021,0.073,0.048,0.042,0.006,0.011,0.043,0.058,0.049,0.011,0.000,0.007
1319,G,0.366,0.021,0.013,0.000,0.074,0.013,0.001,0.304,0.009,0.004,0.061,0.004,0.010,0.342,0.002,0.050,0.016,0.039,0.029,0.005,0.000,0.004
1320,A,0.306,0.027,0.380,0.002,0.004,0.008,0.001,0.022,0.000,0.015,0.052,0.015,0.012,0.039,0.090,0.017,0.048,0.176,0.057,0.034,0.000,0.002
1321,P,0.190,0.025,0.091,0.000,0.039,0.041,0.003,0.099,0.003,0.005,0.039,0.002,0.019,0.086,0.157,0.035,0.016,0.133,0.167,0.037,0.000,0.005
1322,A,0.216,0.025,0.268,0.035,0.005,0.012,0.001,0.102,0.000,0.035,0.051,0.002,0.053,0.026,0.002,0.023,0.067,0.161,0.045,0.066,0.000,0.021
1323,A,0.404,0.024,0.068,0.000,0.441,0.031,0.001,0.014,0.001,0.000,0.057,0.001,0.001,0.229,0.023,0.004,0.004,0.047,0.031,0.007,0.000,0.018
1324,F,0.571,0.024,0.002,0.003,0.000,0.000,0.236,0.000,0.000,0.082,0.003,0.578,0.023,0.002,0.003,0.000,0.001,0.000,0.008,0.024,0.002,0.010
1325,K,0.369,0.023,0.010,0.001,0.026,0.059,0.002,0.022,0.003,0.005,0.467,0.011,0.000,0.038,0.020,0.019,0.052,0.132,0.102,0.008,0.000,0.001
1326,Y,0.159,0.022,0.045,0.006,0.050,0.066,0.209,0.014,0.008,0.038,0.053,0.190,0.018,0.051,0.040,0.017,0.002,0.063,0.019,0.056,0.000,0.034
1327,F,0.462,0.021,0.009,0.001,0.000,0.003,0.165,0.015,0.000,0.363,0.006,0.320,0.007,0.004,0.001,0.001,0.000,0.010,0.008,0.054,0.001,0.011
1328,D,0.529,0.021,0.003,0.002,0.089,0.043,0.002,0.617,0.005,0.000,0.087,0.003,0.002,0.087,0.000,0.013,0.003,0.017,0.003,0.002,0.000,0.002
1329,T,0.230,0.021,0.026,0.009,0.008,0.084,0.033,0.250,0.001,0.159,0.054,0.140,0.031,0.015,0.001,0.007,0.005,0.014,0.066,0.072,0.000,0.004
1330,T,0.279,0.034,0.068,0.000,0.035,0.018,0.002,0.052,0.002,0.011,0.234,0.005,0.000,0.050,0.081,0.007,0.005,0.239,0.136,0.021,0.000,0.001
1331,I,0.215,0.029,0.078,0.003,0.025,0.021,0.009,0.068,0.002,0.193,0.179,0.015,0.005,0.031,0.032,0.008,0.006,0.099,0.161,0.029,0.000,0.008
1332,D,0.136,0.029,0.038,0.007,0.083,0.064,0.010,0.047,0.030,0.007,0.073,0.015,0.003,0.097,0.190,0.047,0.064,0.123,0.036,0.008,0.001,0.030
1333,R,0.224,0.025,0.150,0.011,0.004,0.018,0.199,0.010,0.000,0.021,0.014,0.067,0.015,0.006,0.002,0.028,0.226,0.072,0.063,0.036,0.028,0.006
1334,K,0.480,0.024,0.045,0.004,0.002,0.004,0.012,0.607,0.006,0.003,0.143,0.012,0.006,0.019,0.001,0.007,0.016,0.034,0.016,0.006,0.015,0.021
1335,R,0.255,0.024,0.020,0.021,0.015,0.011,0.023,0.005,0.001,0.046,0.088,0.084,0.050,0.017,0.000,0.104,0.360,0.016,0.053,0.061,0.000,0.002
1336,Y,0.182,0.029,0.008,0.007,0.023,0.004,0.052,0.030,0.001,0.145,0.050,0.151,0.104,0.049,0.035,0.008,0.008,0.054,0.024,0.022,0.000,0.197
1337,T,0.259,0.033,0.018,0.001,0.003,0.001,0.002,0.054,0.004,0.007,0.135,0.006,0.005,0.164,0.013,0.146,0.060,0.174,0.150,0.002,0.000,0.022
1338,S,0.215,0.038,0.008,0.000,0.018,0.017,0.015,0.196,0.005,0.025,0.149,0.012,0.013,0.125,0.038,0.007,0.015,0.200,0.064,0.029,0.024,0.005
1339,T,0.233,0.026,0.017,0.004,0.009,0.010,0.004,0.031,0.009,0.291,0.138,0.029,0.008,0.108,0.042,0.016,0.013,0.083,0.096,0.066,0.000,0.002
1340,K,0.244,0.025,0.021,0.000,0.024,0.013,0.007,0.012,0.003,0.065,0.266,0.059,0.016,0.044,0.017,0.018,0.016,0.175,0.177,0.031,0.001,0.011
1341,E,0.217,0.026,0.018,0.003,0.064,0.170,0.032,0.046,0.003,0.027,0.093,0.266,0.006,0.093,0.015,0.021,0.004,0.066,0.026,0.017,0.000,0.005
1342,V,0.144,0.027,0.034,0.068,0.027,0.022,0.033,0.021,0.003,0.100,0.039,0.162,0.006,0.037,0.025,0.016,0.003,0.186,0.076,0.062,0.001,0.053
1343,L,0.173,0.025,0.028,0.002,0.128,0.106,0.014,0.022,0.006,0.012,0.141,0.159,0.004,0.077,0.060,0.017,0.011,0.120,0.039,0.008,0.020,0.003
1344,D,0.302,0.025,0.014,0.002,0.222,0.148,0.000,0.035,0.014,0.002,0.078,0.000,0.001,0.244,0.005,0.046,0.020,0.119,0.024,0.004,0.000,0.000
1345,A,0.302,0.025,0.342,0.032,0.029,0.000,0.105,0.020,0.000,0.125,0.002,0.038,0.008,0.000,0.006,0.000,0.000,0.077,0.096,0.090,0.001,0.006
1346,T,0.185,0.026,0.020,0.019,0.021,0.077,0.021,0.000,0.005,0.084,0.147,0.022,0.013,0.012,0.000,0.046,0.041,0.060,0.244,0.080,0.001,0.063
1347,L,0.562,0.026,0.000,0.000,0.000,0.000,0.139,0.000,0.000,0.298,0.000,0.463,0.014,0.000,0.000,0.000,0.000,0.000,0.000,0.055,0.004,0.001
1348,I,0.691,0.026,0.003,0.015,0.000,0.001,0.001,0.000,0.001,0.737,0.002,0.017,0.000,0.000,0.000,0.004,0.003,0.000,0.001,0.166,0.002,0.022
1349,H,0.342,0.026,0.006,0.005,0.132,0.028,0.060,0.000,0.198,0.002,0.000,0.007,0.007,0.161,0.000,0.009,0.008,0.025,0.020,0.000,0.001,0.306
1350,Q,0.653,0.026,0.002,0.001,0.003,0.084,0.002,0.000,0.001,0.008,0.023,0.005,0.004,0.001,0.004,0.765,0.010,0.022,0.026,0.005,0.000,0.009
1351,S,0.943,0.026,0.001,0.000,0.003,0.000,0.000,0.000,0.000,0.000,0.000,0.000,0.000,0.000,0.000,0.000,0.000,0.966,0.004,0.000,0.000,0.000
1352,I,0.534,0.026,0.022,0.002,0.000,0.000,0.003,0.000,0.000,0.288,0.005,0.006,0.001,0.000,0.394,0.000,0.000,0.006,0.007,0.238,0.000,0.003
1353,T,0.816,0.026,0.023,0.005,0.000,0.000,0.000,0.000,0.000,0.000,0.000,0.006,0.000,0.000,0.000,0.000,0.000,0.077,0.863,0.000,0.000,0.000
1354,G,0.951,0.026,0.002,0.001,0.001,0.000,0.000,0.970,0.000,0.000,0.000,0.000,0.000,0.000,0.000,0.000,0.000,0.000,0.000,0.000,0.000,0.000
1355,L,0.675,0.026,0.001,0.000,0.000,0.000,0.030,0.000,0.000,0.119,0.000,0.723,0.081,0.000,0.000,0.000,0.000,0.000,0.000,0.014,0.000,0.007
1356,Y,0.589,0.027,0.000,0.000,0.000,0.000,0.467,0.000,0.026,0.017,0.008,0.009,0.000,0.004,0.000,0.003,0.013,0.001,0.005,0.000,0.015,0.406
1357,E,0.621,0.027,0.003,0.003,0.004,0.745,0.002,0.002,0.003,0.003,0.050,0.000,0.002,0.012,0.000,0.019,0.026,0.048,0.028,0.025,0.000,0.000
1358,T,0.378,0.031,0.004,0.001,0.005,0.013,0.000,0.002,0.020,0.000,0.209,0.000,0.000,0.067,0.000,0.055,0.281,0.051,0.249,0.006,0.000,0.006
1359,R,0.425,0.049,0.009,0.002,0.000,0.152,0.001,0.000,0.017,0.016,0.192,0.001,0.000,0.001,0.000,0.024,0.443,0.027,0.025,0.037,0.000,0.006
1360,I,0.371,0.078,0.003,0.006,0.000,0.035,0.008,0.000,0.002,0.381,0.040,0.027,0.016,0.002,0.000,0.003,0.033,0.009,0.059,0.261,0.007,0.031
1361,D,0.280,0.102,0.038,0.004,0.306,0.042,0.004,0.002,0.023,0.005,0.185,0.012,0.000,0.033,0.010,0.009,0.128,0.025,0.050,0.007,0.000,0.017
1362,L,0.600,0.117,0.001,0.000,0.000,0.000,0.009,0.007,0.000,0.182,0.000,0.594,0.012,0.000,0.000,0.000,0.000,0.000,0.000,0.075,0.000,0.003
1363,S,0.366,0.366,0.046,0.000,0.015,0.015,0.000,0.022,0.003,0.001,0.125,0.124,0.002,0.031,0.000,0.011,0.029,0.194,0.015,0.002,0.000,0.001
1364,Q,0.511,0.486,0.011,0.000,0.201,0.030,0.000,0.000,0.000,0.000,0.184,0.001,0.000,0.018,0.003,0.036,0.004,0.015,0.012,0.000,0.000,0.000
1365,L,0.747,0.567,0.000,0.000,0.000,0.000,0.007,0.000,0.000,0.007,0.000,0.417,0.000,0.000,0.000,0.000,0.000,0.001,0.000,0.000,0.001,0.000
1366,G,0.861,0.850,0.000,0.000,0.000,0.000,0.000,0.150,0.000,0.000,0.000,0.000,0.000,0.000,0.000,0.000,0.000,0.000,0.000,0.000,0.000,0.000
1367,G,0.832,0.862,0.000,0.000,0.001,0.086,0.000,0.047,0.000,0.000,0.000,0.000,0.000,0.000,0.000,0.000,0.003,0.001,0.000,0.000,0.000,0.000
1368,D,0.898,0.906,0.000,0.000,0.094,0.000,0.000,0.000,0.000,0.000,0.000,0.000,0.000,0.000,0.000,0.000,0.000,0.000,0.000,0.000,0.000,0.000
